0;
0;
167;
412;
415;
943;
976;
979;
1109;
1111;
1172;
1173;
1175;
1454;
1455;
1457;
1516;
1518;
1564;
1565;
1693;
1694;
1737;
1740;
1741;
1743;
1744;
1816;
1818;
1819;
1821;
1883;
1884;
1912;
1914;
1930;
1932;
1936;
1937;
1947;
1948;
1958;
1980;
1982;
2133;
2134;
2258;
2264;
2265;
2268;
2269;
2271;
2272;
2273;
2280;
2283;
2293;
2294;
2296;
2297;
2309;
2311;
2315;
2316;
2332;
2333;
2391;
2393;
2394;
2396;
2397;
2404;
2405;
2407;
2408;
2409;
2426;
2436;
2437;
2458;
2459;
2619;
2621;
2726;
2727;
2791;
2798;
